TegTok_reddit.json
"bleu-1": 0.0970927486642287,
"bleu-2": 0.03632121982478422,
"bleu-3": 0.01967282713699289,
"bleu-4": 0.013891282023193181,
"meteor": 0.09525650406013764,
"rouge_1": 0.1281919453516926,
"rouge_2": 0.019326622254708523,
"rouge_l": 0.1135826449865853,
"bertscore_P": 0.854048828125,
"inter_dist1": 0.03767788756326437,
"inter_dist2": 0.1996570894393424,
"Embedding Average Score": "0.6522000926926051 +/- 1.2695968180116995e-05 ( 0.12955069571547956 )",
"Greedy Matching Score": "2.168336334685298 +/- 6.298450361166803e-05 ( 0.6426990164455921 )",
"Extrema Score": "0.3362621336752083 +/- 1.0237281059493503e-05 ( 0.10446205162748472 )"

TegTok_squad_nqg.txt
scores: 
Bleu_1: 0.46576
Bleu_2: 0.30638
Bleu_3: 0.22259
Bleu_4: 0.16729
METEOR: 0.20360
ROUGE_L: 0.43620
